255 0 0 255
255 128 0 255
255 255 0 255
0 255 0 255
0 173 0 255
20 20 255 255
0 255 255 255
107 0 214 255
255 20 255 255
DIV:Standard
214 0 0 255
214 107 0 255
214 214 0 255
107 214 0 255
0 214 0 255
0 107 214 255
0 214 214 255
107 0 214 255
214 0 214 255
DIV:Plain
153 0 0 255
153 77 0 255
153 153 0 255
77 153 0 255
0 153 0 255
0 77 153 255
0 153 153 255
77 0 153 255
153 0 77 255
DIV:Deep
255 255 153 255
173 90 0 255
102 176 255 255
209 209 117 255
204 230 255 255
153 0 204 255
255 209 163 255
163 255 208 255
206 87 54 255
DIV:Pacnet2011_Specials
255 0 0 105
255 128 0 105
255 255 0 105
0 255 0 105
0 173 0 105
20 20 255 105
0 255 255 105
107 0 214 105
255 20 255 105
DIV:Transparent
255 255 255 255
224 224 224 255
194 194 194 255
163 163 163 255
133 133 133 255
61 61 61 255
31 31 31 255
0 0 0 255
0 0 0 0
DIV:GrayScale
163 82 0 255
102 51 0 255
112 58 0 255
51 26 0 255
51 0 0 255
173 90 0 255
235 121 0 255
255 151 41 255
214 107 0 255
DIV:Browns
